{
 "cells": [
  {
   "cell_type": "code",
   "execution_count": 15,
   "id": "68839c5b",
   "metadata": {},
   "outputs": [],
   "source": [
    "import pandas as pd\n",
    "import numpy as np\n",
    "import matplotlib.pyplot as plt\n",
    "import seaborn as sns\n",
    "%matplotlib inline\n",
    "import warnings\n",
    "warnings.filterwarnings(\"ignore\")\n",
    "from statsmodels.formula.api import ols      \n",
    "from statsmodels.stats.anova import _get_covariance,anova_lm \n",
    "import pandas as pd\n",
    "import numpy as np\n",
    "import matplotlib.pyplot as plt\n",
    "import seaborn as sns\n",
    "%matplotlib inline\n",
    "import warnings\n",
    "warnings.filterwarnings(\"ignore\")\n",
    "from statsmodels.formula.api import ols      \n",
    "from statsmodels.stats.anova import _get_covariance,anova_lm \n",
    "\n",
    "from sklearn.preprocessing import StandardScaler\n",
    "from sklearn.model_selection import train_test_split\n",
    "from sklearn.linear_model import LinearRegression\n",
    "from sklearn import tree\n",
    "from sklearn.ensemble import RandomForestRegressor\n",
    "from sklearn.neural_network import MLPRegressor\n",
    "from sklearn.metrics import mean_squared_error\n",
    "from sklearn.metrics import mean_absolute_error\n",
    "from sklearn.model_selection import GridSearchCV\n",
    "%matplotlib inline \n",
    "# Numerical libraries\n",
    "import numpy as np   \n",
    "\n",
    "# Import Linear Regression machine learning library\n",
    "from sklearn.linear_model import LinearRegression\n",
    "\n",
    "# to handle data in form of rows and columns \n",
    "import pandas as pd    \n",
    "\n",
    "# importing ploting libraries\n",
    "import matplotlib.pyplot as plt   \n",
    "import matplotlib.style\n",
    "plt.style.use('classic')\n",
    "\n",
    "#importing seaborn for statistical plots\n",
    "import seaborn as sns"
   ]
  },
  {
   "cell_type": "code",
   "execution_count": 16,
   "id": "185ba171",
   "metadata": {},
   "outputs": [],
   "source": [
    "df = pd.read_excel(\"Master Theisis Data.xlsx\")  "
   ]
  },
  {
   "cell_type": "code",
   "execution_count": 17,
   "id": "f50cff7e",
   "metadata": {
    "scrolled": true
   },
   "outputs": [
    {
     "data": {
      "text/html": [
       "<div>\n",
       "<style scoped>\n",
       "    .dataframe tbody tr th:only-of-type {\n",
       "        vertical-align: middle;\n",
       "    }\n",
       "\n",
       "    .dataframe tbody tr th {\n",
       "        vertical-align: top;\n",
       "    }\n",
       "\n",
       "    .dataframe thead th {\n",
       "        text-align: right;\n",
       "    }\n",
       "</style>\n",
       "<table border=\"1\" class=\"dataframe\">\n",
       "  <thead>\n",
       "    <tr style=\"text-align: right;\">\n",
       "      <th></th>\n",
       "      <th>Date</th>\n",
       "      <th>C_P_I</th>\n",
       "      <th>I_R</th>\n",
       "      <th>O_P</th>\n",
       "      <th>E_P_U</th>\n",
       "      <th>M_p</th>\n",
       "      <th>F_P</th>\n",
       "      <th>Taxes</th>\n",
       "      <th>G_s</th>\n",
       "      <th>H_c</th>\n",
       "      <th>N_s</th>\n",
       "      <th>F_R</th>\n",
       "      <th>T_p</th>\n",
       "      <th>Nasdaq</th>\n",
       "    </tr>\n",
       "  </thead>\n",
       "  <tbody>\n",
       "    <tr>\n",
       "      <th>0</th>\n",
       "      <td>2007-01-01</td>\n",
       "      <td>202.416</td>\n",
       "      <td>3.15</td>\n",
       "      <td>54.51</td>\n",
       "      <td>55.216501</td>\n",
       "      <td>44.721733</td>\n",
       "      <td>52.472174</td>\n",
       "      <td>57.516719</td>\n",
       "      <td>40.304647</td>\n",
       "      <td>100.002230</td>\n",
       "      <td>61.908192</td>\n",
       "      <td>21.203617</td>\n",
       "      <td>50.287614</td>\n",
       "      <td>2463.929932</td>\n",
       "    </tr>\n",
       "    <tr>\n",
       "      <th>1</th>\n",
       "      <td>2007-02-01</td>\n",
       "      <td>203.499</td>\n",
       "      <td>3.16</td>\n",
       "      <td>59.28</td>\n",
       "      <td>38.357686</td>\n",
       "      <td>27.484565</td>\n",
       "      <td>35.011834</td>\n",
       "      <td>37.524405</td>\n",
       "      <td>15.547915</td>\n",
       "      <td>38.175005</td>\n",
       "      <td>36.156294</td>\n",
       "      <td>28.482204</td>\n",
       "      <td>20.558663</td>\n",
       "      <td>2416.149902</td>\n",
       "    </tr>\n",
       "    <tr>\n",
       "      <th>2</th>\n",
       "      <td>2007-03-01</td>\n",
       "      <td>205.352</td>\n",
       "      <td>3.11</td>\n",
       "      <td>60.44</td>\n",
       "      <td>55.677118</td>\n",
       "      <td>59.732664</td>\n",
       "      <td>39.432190</td>\n",
       "      <td>44.219923</td>\n",
       "      <td>11.552323</td>\n",
       "      <td>51.354806</td>\n",
       "      <td>44.058014</td>\n",
       "      <td>42.325367</td>\n",
       "      <td>22.403890</td>\n",
       "      <td>2421.639893</td>\n",
       "    </tr>\n",
       "    <tr>\n",
       "      <th>3</th>\n",
       "      <td>2007-04-01</td>\n",
       "      <td>206.686</td>\n",
       "      <td>2.97</td>\n",
       "      <td>63.98</td>\n",
       "      <td>40.691897</td>\n",
       "      <td>31.232595</td>\n",
       "      <td>35.619898</td>\n",
       "      <td>34.184564</td>\n",
       "      <td>23.071827</td>\n",
       "      <td>33.894986</td>\n",
       "      <td>33.509571</td>\n",
       "      <td>17.795893</td>\n",
       "      <td>27.831279</td>\n",
       "      <td>2525.090088</td>\n",
       "    </tr>\n",
       "    <tr>\n",
       "      <th>4</th>\n",
       "      <td>2007-05-01</td>\n",
       "      <td>207.949</td>\n",
       "      <td>2.78</td>\n",
       "      <td>63.46</td>\n",
       "      <td>52.437020</td>\n",
       "      <td>36.276646</td>\n",
       "      <td>52.972521</td>\n",
       "      <td>58.468692</td>\n",
       "      <td>28.405554</td>\n",
       "      <td>49.742612</td>\n",
       "      <td>38.465504</td>\n",
       "      <td>33.982754</td>\n",
       "      <td>14.308584</td>\n",
       "      <td>2604.520020</td>\n",
       "    </tr>\n",
       "    <tr>\n",
       "      <th>...</th>\n",
       "      <td>...</td>\n",
       "      <td>...</td>\n",
       "      <td>...</td>\n",
       "      <td>...</td>\n",
       "      <td>...</td>\n",
       "      <td>...</td>\n",
       "      <td>...</td>\n",
       "      <td>...</td>\n",
       "      <td>...</td>\n",
       "      <td>...</td>\n",
       "      <td>...</td>\n",
       "      <td>...</td>\n",
       "      <td>...</td>\n",
       "      <td>...</td>\n",
       "    </tr>\n",
       "    <tr>\n",
       "      <th>186</th>\n",
       "      <td>2022-07-01</td>\n",
       "      <td>296.276</td>\n",
       "      <td>5.63</td>\n",
       "      <td>101.62</td>\n",
       "      <td>138.266430</td>\n",
       "      <td>161.917595</td>\n",
       "      <td>117.834775</td>\n",
       "      <td>124.455184</td>\n",
       "      <td>55.073651</td>\n",
       "      <td>201.773303</td>\n",
       "      <td>121.032182</td>\n",
       "      <td>89.679415</td>\n",
       "      <td>71.545074</td>\n",
       "      <td>12390.690430</td>\n",
       "    </tr>\n",
       "    <tr>\n",
       "      <th>187</th>\n",
       "      <td>2022-08-01</td>\n",
       "      <td>296.171</td>\n",
       "      <td>5.99</td>\n",
       "      <td>93.67</td>\n",
       "      <td>109.804015</td>\n",
       "      <td>120.393477</td>\n",
       "      <td>102.997344</td>\n",
       "      <td>114.025911</td>\n",
       "      <td>35.415193</td>\n",
       "      <td>104.205658</td>\n",
       "      <td>92.352643</td>\n",
       "      <td>141.953181</td>\n",
       "      <td>150.492302</td>\n",
       "      <td>11816.200195</td>\n",
       "    </tr>\n",
       "    <tr>\n",
       "      <th>188</th>\n",
       "      <td>2022-09-01</td>\n",
       "      <td>296.808</td>\n",
       "      <td>6.39</td>\n",
       "      <td>84.26</td>\n",
       "      <td>105.268276</td>\n",
       "      <td>149.003732</td>\n",
       "      <td>66.999427</td>\n",
       "      <td>70.534230</td>\n",
       "      <td>27.760461</td>\n",
       "      <td>100.882083</td>\n",
       "      <td>75.120021</td>\n",
       "      <td>57.532192</td>\n",
       "      <td>50.425833</td>\n",
       "      <td>10575.620117</td>\n",
       "    </tr>\n",
       "    <tr>\n",
       "      <th>189</th>\n",
       "      <td>2022-10-01 00:00:00</td>\n",
       "      <td>298.012</td>\n",
       "      <td>7.75</td>\n",
       "      <td>87.55</td>\n",
       "      <td>135.907198</td>\n",
       "      <td>205.143734</td>\n",
       "      <td>112.092491</td>\n",
       "      <td>118.724337</td>\n",
       "      <td>64.755707</td>\n",
       "      <td>140.937888</td>\n",
       "      <td>124.168889</td>\n",
       "      <td>112.382418</td>\n",
       "      <td>93.135999</td>\n",
       "      <td>10988.150391</td>\n",
       "    </tr>\n",
       "    <tr>\n",
       "      <th>190</th>\n",
       "      <td>2022-11-01 00:00:00</td>\n",
       "      <td>297.711</td>\n",
       "      <td>7.11</td>\n",
       "      <td>84.37</td>\n",
       "      <td>140.944224</td>\n",
       "      <td>195.038661</td>\n",
       "      <td>120.248146</td>\n",
       "      <td>123.409690</td>\n",
       "      <td>71.977505</td>\n",
       "      <td>109.068923</td>\n",
       "      <td>78.264421</td>\n",
       "      <td>183.032274</td>\n",
       "      <td>86.917127</td>\n",
       "      <td>11468.000000</td>\n",
       "    </tr>\n",
       "  </tbody>\n",
       "</table>\n",
       "<p>191 rows × 14 columns</p>\n",
       "</div>"
      ],
      "text/plain": [
       "                    Date    C_P_I   I_R     O_P       E_P_U         M_p  \\\n",
       "0             2007-01-01  202.416  3.15   54.51   55.216501   44.721733   \n",
       "1             2007-02-01  203.499  3.16   59.28   38.357686   27.484565   \n",
       "2             2007-03-01  205.352  3.11   60.44   55.677118   59.732664   \n",
       "3             2007-04-01  206.686  2.97   63.98   40.691897   31.232595   \n",
       "4             2007-05-01  207.949  2.78   63.46   52.437020   36.276646   \n",
       "..                   ...      ...   ...     ...         ...         ...   \n",
       "186           2022-07-01  296.276  5.63  101.62  138.266430  161.917595   \n",
       "187           2022-08-01  296.171  5.99   93.67  109.804015  120.393477   \n",
       "188           2022-09-01  296.808  6.39   84.26  105.268276  149.003732   \n",
       "189  2022-10-01 00:00:00  298.012  7.75   87.55  135.907198  205.143734   \n",
       "190  2022-11-01 00:00:00  297.711  7.11   84.37  140.944224  195.038661   \n",
       "\n",
       "            F_P       Taxes        G_s         H_c         N_s         F_R  \\\n",
       "0     52.472174   57.516719  40.304647  100.002230   61.908192   21.203617   \n",
       "1     35.011834   37.524405  15.547915   38.175005   36.156294   28.482204   \n",
       "2     39.432190   44.219923  11.552323   51.354806   44.058014   42.325367   \n",
       "3     35.619898   34.184564  23.071827   33.894986   33.509571   17.795893   \n",
       "4     52.972521   58.468692  28.405554   49.742612   38.465504   33.982754   \n",
       "..          ...         ...        ...         ...         ...         ...   \n",
       "186  117.834775  124.455184  55.073651  201.773303  121.032182   89.679415   \n",
       "187  102.997344  114.025911  35.415193  104.205658   92.352643  141.953181   \n",
       "188   66.999427   70.534230  27.760461  100.882083   75.120021   57.532192   \n",
       "189  112.092491  118.724337  64.755707  140.937888  124.168889  112.382418   \n",
       "190  120.248146  123.409690  71.977505  109.068923   78.264421  183.032274   \n",
       "\n",
       "            T_p        Nasdaq  \n",
       "0     50.287614   2463.929932  \n",
       "1     20.558663   2416.149902  \n",
       "2     22.403890   2421.639893  \n",
       "3     27.831279   2525.090088  \n",
       "4     14.308584   2604.520020  \n",
       "..          ...           ...  \n",
       "186   71.545074  12390.690430  \n",
       "187  150.492302  11816.200195  \n",
       "188   50.425833  10575.620117  \n",
       "189   93.135999  10988.150391  \n",
       "190   86.917127  11468.000000  \n",
       "\n",
       "[191 rows x 14 columns]"
      ]
     },
     "execution_count": 17,
     "metadata": {},
     "output_type": "execute_result"
    }
   ],
   "source": [
    "df"
   ]
  },
  {
   "cell_type": "code",
   "execution_count": 18,
   "id": "1b46adfc",
   "metadata": {},
   "outputs": [
    {
     "data": {
      "text/plain": [
       "Date      0\n",
       "C_P_I     0\n",
       "I_R       0\n",
       "O_P       0\n",
       " E_P_U    0\n",
       "M_p       0\n",
       "F_P       0\n",
       "Taxes     0\n",
       " G_s      0\n",
       " H_c      0\n",
       " N_s      0\n",
       "F_R       0\n",
       "T_p       0\n",
       "Nasdaq    0\n",
       "dtype: int64"
      ]
     },
     "execution_count": 18,
     "metadata": {},
     "output_type": "execute_result"
    }
   ],
   "source": [
    "df.isnull().sum()"
   ]
  },
  {
   "cell_type": "code",
   "execution_count": 19,
   "id": "88042e0c",
   "metadata": {},
   "outputs": [
    {
     "data": {
      "text/plain": [
       "(191, 14)"
      ]
     },
     "execution_count": 19,
     "metadata": {},
     "output_type": "execute_result"
    }
   ],
   "source": [
    "df.shape"
   ]
  },
  {
   "cell_type": "code",
   "execution_count": 20,
   "id": "88dc6c18",
   "metadata": {
    "scrolled": true
   },
   "outputs": [
    {
     "name": "stdout",
     "output_type": "stream",
     "text": [
      "<class 'pandas.core.frame.DataFrame'>\n",
      "RangeIndex: 191 entries, 0 to 190\n",
      "Data columns (total 14 columns):\n",
      " #   Column  Non-Null Count  Dtype  \n",
      "---  ------  --------------  -----  \n",
      " 0   Date    191 non-null    object \n",
      " 1   C_P_I   191 non-null    float64\n",
      " 2   I_R     191 non-null    float64\n",
      " 3   O_P     191 non-null    float64\n",
      " 4    E_P_U  191 non-null    float64\n",
      " 5   M_p     191 non-null    float64\n",
      " 6   F_P     191 non-null    float64\n",
      " 7   Taxes   191 non-null    float64\n",
      " 8    G_s    191 non-null    float64\n",
      " 9    H_c    191 non-null    float64\n",
      " 10   N_s    191 non-null    float64\n",
      " 11  F_R     191 non-null    float64\n",
      " 12  T_p     191 non-null    float64\n",
      " 13  Nasdaq  191 non-null    float64\n",
      "dtypes: float64(13), object(1)\n",
      "memory usage: 21.0+ KB\n"
     ]
    }
   ],
   "source": [
    "df.info()"
   ]
  },
  {
   "cell_type": "code",
   "execution_count": 21,
   "id": "fa913052",
   "metadata": {},
   "outputs": [
    {
     "data": {
      "text/html": [
       "<div>\n",
       "<style scoped>\n",
       "    .dataframe tbody tr th:only-of-type {\n",
       "        vertical-align: middle;\n",
       "    }\n",
       "\n",
       "    .dataframe tbody tr th {\n",
       "        vertical-align: top;\n",
       "    }\n",
       "\n",
       "    .dataframe thead th {\n",
       "        text-align: right;\n",
       "    }\n",
       "</style>\n",
       "<table border=\"1\" class=\"dataframe\">\n",
       "  <thead>\n",
       "    <tr style=\"text-align: right;\">\n",
       "      <th></th>\n",
       "      <th>C_P_I</th>\n",
       "      <th>I_R</th>\n",
       "      <th>O_P</th>\n",
       "      <th>E_P_U</th>\n",
       "      <th>M_p</th>\n",
       "      <th>F_P</th>\n",
       "      <th>Taxes</th>\n",
       "      <th>G_s</th>\n",
       "      <th>H_c</th>\n",
       "      <th>N_s</th>\n",
       "      <th>F_R</th>\n",
       "      <th>T_p</th>\n",
       "      <th>Nasdaq</th>\n",
       "    </tr>\n",
       "  </thead>\n",
       "  <tbody>\n",
       "    <tr>\n",
       "      <th>C_P_I</th>\n",
       "      <td>1.000000</td>\n",
       "      <td>0.587152</td>\n",
       "      <td>-0.141061</td>\n",
       "      <td>0.203993</td>\n",
       "      <td>0.176344</td>\n",
       "      <td>0.047081</td>\n",
       "      <td>0.069938</td>\n",
       "      <td>-0.177929</td>\n",
       "      <td>0.097976</td>\n",
       "      <td>0.340408</td>\n",
       "      <td>-0.241740</td>\n",
       "      <td>0.278734</td>\n",
       "      <td>0.918743</td>\n",
       "    </tr>\n",
       "    <tr>\n",
       "      <th>I_R</th>\n",
       "      <td>0.587152</td>\n",
       "      <td>1.000000</td>\n",
       "      <td>0.080362</td>\n",
       "      <td>-0.022736</td>\n",
       "      <td>0.317262</td>\n",
       "      <td>-0.189812</td>\n",
       "      <td>-0.169544</td>\n",
       "      <td>-0.275036</td>\n",
       "      <td>-0.221788</td>\n",
       "      <td>0.228650</td>\n",
       "      <td>-0.100385</td>\n",
       "      <td>0.074417</td>\n",
       "      <td>0.452003</td>\n",
       "    </tr>\n",
       "    <tr>\n",
       "      <th>O_P</th>\n",
       "      <td>-0.141061</td>\n",
       "      <td>0.080362</td>\n",
       "      <td>1.000000</td>\n",
       "      <td>-0.208434</td>\n",
       "      <td>0.030167</td>\n",
       "      <td>-0.057396</td>\n",
       "      <td>-0.104608</td>\n",
       "      <td>0.184402</td>\n",
       "      <td>-0.163829</td>\n",
       "      <td>-0.110532</td>\n",
       "      <td>0.068277</td>\n",
       "      <td>-0.256696</td>\n",
       "      <td>-0.235426</td>\n",
       "    </tr>\n",
       "    <tr>\n",
       "      <th>E_P_U</th>\n",
       "      <td>0.203993</td>\n",
       "      <td>-0.022736</td>\n",
       "      <td>-0.208434</td>\n",
       "      <td>1.000000</td>\n",
       "      <td>0.635971</td>\n",
       "      <td>0.882188</td>\n",
       "      <td>0.891287</td>\n",
       "      <td>0.518285</td>\n",
       "      <td>0.912650</td>\n",
       "      <td>0.633160</td>\n",
       "      <td>0.467979</td>\n",
       "      <td>0.050352</td>\n",
       "      <td>0.249414</td>\n",
       "    </tr>\n",
       "    <tr>\n",
       "      <th>M_p</th>\n",
       "      <td>0.176344</td>\n",
       "      <td>0.317262</td>\n",
       "      <td>0.030167</td>\n",
       "      <td>0.635971</td>\n",
       "      <td>1.000000</td>\n",
       "      <td>0.515234</td>\n",
       "      <td>0.500471</td>\n",
       "      <td>0.368511</td>\n",
       "      <td>0.482000</td>\n",
       "      <td>0.663027</td>\n",
       "      <td>0.443498</td>\n",
       "      <td>0.201169</td>\n",
       "      <td>0.120275</td>\n",
       "    </tr>\n",
       "    <tr>\n",
       "      <th>F_P</th>\n",
       "      <td>0.047081</td>\n",
       "      <td>-0.189812</td>\n",
       "      <td>-0.057396</td>\n",
       "      <td>0.882188</td>\n",
       "      <td>0.515234</td>\n",
       "      <td>1.000000</td>\n",
       "      <td>0.987488</td>\n",
       "      <td>0.800844</td>\n",
       "      <td>0.901866</td>\n",
       "      <td>0.532207</td>\n",
       "      <td>0.473118</td>\n",
       "      <td>-0.000359</td>\n",
       "      <td>0.065093</td>\n",
       "    </tr>\n",
       "    <tr>\n",
       "      <th>Taxes</th>\n",
       "      <td>0.069938</td>\n",
       "      <td>-0.169544</td>\n",
       "      <td>-0.104608</td>\n",
       "      <td>0.891287</td>\n",
       "      <td>0.500471</td>\n",
       "      <td>0.987488</td>\n",
       "      <td>1.000000</td>\n",
       "      <td>0.716569</td>\n",
       "      <td>0.893174</td>\n",
       "      <td>0.548631</td>\n",
       "      <td>0.478468</td>\n",
       "      <td>0.024184</td>\n",
       "      <td>0.099658</td>\n",
       "    </tr>\n",
       "    <tr>\n",
       "      <th>G_s</th>\n",
       "      <td>-0.177929</td>\n",
       "      <td>-0.275036</td>\n",
       "      <td>0.184402</td>\n",
       "      <td>0.518285</td>\n",
       "      <td>0.368511</td>\n",
       "      <td>0.800844</td>\n",
       "      <td>0.716569</td>\n",
       "      <td>1.000000</td>\n",
       "      <td>0.633879</td>\n",
       "      <td>0.254064</td>\n",
       "      <td>0.381846</td>\n",
       "      <td>-0.136456</td>\n",
       "      <td>-0.226093</td>\n",
       "    </tr>\n",
       "    <tr>\n",
       "      <th>H_c</th>\n",
       "      <td>0.097976</td>\n",
       "      <td>-0.221788</td>\n",
       "      <td>-0.163829</td>\n",
       "      <td>0.912650</td>\n",
       "      <td>0.482000</td>\n",
       "      <td>0.901866</td>\n",
       "      <td>0.893174</td>\n",
       "      <td>0.633879</td>\n",
       "      <td>1.000000</td>\n",
       "      <td>0.505799</td>\n",
       "      <td>0.390103</td>\n",
       "      <td>-0.031160</td>\n",
       "      <td>0.139776</td>\n",
       "    </tr>\n",
       "    <tr>\n",
       "      <th>N_s</th>\n",
       "      <td>0.340408</td>\n",
       "      <td>0.228650</td>\n",
       "      <td>-0.110532</td>\n",
       "      <td>0.633160</td>\n",
       "      <td>0.663027</td>\n",
       "      <td>0.532207</td>\n",
       "      <td>0.548631</td>\n",
       "      <td>0.254064</td>\n",
       "      <td>0.505799</td>\n",
       "      <td>1.000000</td>\n",
       "      <td>0.290334</td>\n",
       "      <td>0.543179</td>\n",
       "      <td>0.289858</td>\n",
       "    </tr>\n",
       "    <tr>\n",
       "      <th>F_R</th>\n",
       "      <td>-0.241740</td>\n",
       "      <td>-0.100385</td>\n",
       "      <td>0.068277</td>\n",
       "      <td>0.467979</td>\n",
       "      <td>0.443498</td>\n",
       "      <td>0.473118</td>\n",
       "      <td>0.478468</td>\n",
       "      <td>0.381846</td>\n",
       "      <td>0.390103</td>\n",
       "      <td>0.290334</td>\n",
       "      <td>1.000000</td>\n",
       "      <td>-0.154152</td>\n",
       "      <td>-0.252891</td>\n",
       "    </tr>\n",
       "    <tr>\n",
       "      <th>T_p</th>\n",
       "      <td>0.278734</td>\n",
       "      <td>0.074417</td>\n",
       "      <td>-0.256696</td>\n",
       "      <td>0.050352</td>\n",
       "      <td>0.201169</td>\n",
       "      <td>-0.000359</td>\n",
       "      <td>0.024184</td>\n",
       "      <td>-0.136456</td>\n",
       "      <td>-0.031160</td>\n",
       "      <td>0.543179</td>\n",
       "      <td>-0.154152</td>\n",
       "      <td>1.000000</td>\n",
       "      <td>0.229463</td>\n",
       "    </tr>\n",
       "    <tr>\n",
       "      <th>Nasdaq</th>\n",
       "      <td>0.918743</td>\n",
       "      <td>0.452003</td>\n",
       "      <td>-0.235426</td>\n",
       "      <td>0.249414</td>\n",
       "      <td>0.120275</td>\n",
       "      <td>0.065093</td>\n",
       "      <td>0.099658</td>\n",
       "      <td>-0.226093</td>\n",
       "      <td>0.139776</td>\n",
       "      <td>0.289858</td>\n",
       "      <td>-0.252891</td>\n",
       "      <td>0.229463</td>\n",
       "      <td>1.000000</td>\n",
       "    </tr>\n",
       "  </tbody>\n",
       "</table>\n",
       "</div>"
      ],
      "text/plain": [
       "           C_P_I       I_R       O_P     E_P_U       M_p       F_P     Taxes  \\\n",
       "C_P_I   1.000000  0.587152 -0.141061  0.203993  0.176344  0.047081  0.069938   \n",
       "I_R     0.587152  1.000000  0.080362 -0.022736  0.317262 -0.189812 -0.169544   \n",
       "O_P    -0.141061  0.080362  1.000000 -0.208434  0.030167 -0.057396 -0.104608   \n",
       " E_P_U  0.203993 -0.022736 -0.208434  1.000000  0.635971  0.882188  0.891287   \n",
       "M_p     0.176344  0.317262  0.030167  0.635971  1.000000  0.515234  0.500471   \n",
       "F_P     0.047081 -0.189812 -0.057396  0.882188  0.515234  1.000000  0.987488   \n",
       "Taxes   0.069938 -0.169544 -0.104608  0.891287  0.500471  0.987488  1.000000   \n",
       " G_s   -0.177929 -0.275036  0.184402  0.518285  0.368511  0.800844  0.716569   \n",
       " H_c    0.097976 -0.221788 -0.163829  0.912650  0.482000  0.901866  0.893174   \n",
       " N_s    0.340408  0.228650 -0.110532  0.633160  0.663027  0.532207  0.548631   \n",
       "F_R    -0.241740 -0.100385  0.068277  0.467979  0.443498  0.473118  0.478468   \n",
       "T_p     0.278734  0.074417 -0.256696  0.050352  0.201169 -0.000359  0.024184   \n",
       "Nasdaq  0.918743  0.452003 -0.235426  0.249414  0.120275  0.065093  0.099658   \n",
       "\n",
       "             G_s       H_c       N_s       F_R       T_p    Nasdaq  \n",
       "C_P_I  -0.177929  0.097976  0.340408 -0.241740  0.278734  0.918743  \n",
       "I_R    -0.275036 -0.221788  0.228650 -0.100385  0.074417  0.452003  \n",
       "O_P     0.184402 -0.163829 -0.110532  0.068277 -0.256696 -0.235426  \n",
       " E_P_U  0.518285  0.912650  0.633160  0.467979  0.050352  0.249414  \n",
       "M_p     0.368511  0.482000  0.663027  0.443498  0.201169  0.120275  \n",
       "F_P     0.800844  0.901866  0.532207  0.473118 -0.000359  0.065093  \n",
       "Taxes   0.716569  0.893174  0.548631  0.478468  0.024184  0.099658  \n",
       " G_s    1.000000  0.633879  0.254064  0.381846 -0.136456 -0.226093  \n",
       " H_c    0.633879  1.000000  0.505799  0.390103 -0.031160  0.139776  \n",
       " N_s    0.254064  0.505799  1.000000  0.290334  0.543179  0.289858  \n",
       "F_R     0.381846  0.390103  0.290334  1.000000 -0.154152 -0.252891  \n",
       "T_p    -0.136456 -0.031160  0.543179 -0.154152  1.000000  0.229463  \n",
       "Nasdaq -0.226093  0.139776  0.289858 -0.252891  0.229463  1.000000  "
      ]
     },
     "execution_count": 21,
     "metadata": {},
     "output_type": "execute_result"
    }
   ],
   "source": [
    "corr = df.corr(method='pearson')\n",
    "corr"
   ]
  },
  {
   "cell_type": "code",
   "execution_count": 22,
   "id": "753dbb32",
   "metadata": {},
   "outputs": [
    {
     "data": {
